tree
version=v4
num_class=1
num_tree_per_iteration=1
label_index=0
max_feature_idx=157
objective=regression
feature_names=Column_0 Column_1 Column_2 Column_3 Column_4 Column_5 Column_6 Column_7 Column_8 Column_9 Column_10 Column_11 Column_12 Column_13 Column_14 Column_15 Column_16 Column_17 Column_18 Column_19 Column_20 Column_21 Column_22 Column_23 Column_24 Column_25 Column_26 Column_27 Column_28 Column_29 Column_30 Column_31 Column_32 Column_33 Column_34 Column_35 Column_36 Column_37 Column_38 Column_39 Column_40 Column_41 Column_42 Column_43 Column_44 Column_45 Column_46 Column_47 Column_48 Column_49 Column_50 Column_51 Column_52 Column_53 Column_54 Column_55 Column_56 Column_57 Column_58 Column_59 Column_60 Column_61 Column_62 Column_63 Column_64 Column_65 Column_66 Column_67 Column_68 Column_69 Column_70 Column_71 Column_72 Column_73 Column_74 Column_75 Column_76 Column_77 Column_78 Column_79 Column_80 Column_81 Column_82 Column_83 Column_84 Column_85 Column_86 Column_87 Column_88 Column_89 Column_90 Column_91 Column_92 Column_93 Column_94 Column_95 Column_96 Column_97 Column_98 Column_99 Column_100 Column_101 Column_102 Column_103 Column_104 Column_105 Column_106 Column_107 Column_108 Column_109 Column_110 Column_111 Column_112 Column_113 Column_114 Column_115 Column_116 Column_117 Column_118 Column_119 Column_120 Column_121 Column_122 Column_123 Column_124 Column_125 Column_126 Column_127 Column_128 Column_129 Column_130 Column_131 Column_132 Column_133 Column_134 Column_135 Column_136 Column_137 Column_138 Column_139 Column_140 Column_141 Column_142 Column_143 Column_144 Column_145 Column_146 Column_147 Column_148 Column_149 Column_150 Column_151 Column_152 Column_153 Column_154 Column_155 Column_156 Column_157
feature_infos=[-0.26668450236320496:0.36125358939170837] [0:0.76577991247177124] [-1:1] [0:0.37784618139266968] [0:1] [0:0.19591973721981049] [0:1] [-0.32258069515228271:0.30236223340034485] [-1:1] [0.73461699485778809:1.3636695146560669] [1:1.3666666746139526] [0.61638021469116211:1] [0.0015993891283869743:1.1772598028182983] [0.17450378835201263:1.9321212768554688] [0.18114137649536133:2.7992568016052246] [0.17118562757968903:4.4822831153869629] [0.091535545885562897:33.354038238525391] [0.090616747736930847:43.273292541503906] [0.33491376042366028:1.3727251291275024] [0.30836603045463562:1.8289963006973267] [0.30836603045463562:2.3572492599487305] [0.2881508469581604:20.75776481628418] [0.2325933575630188:36.291088104248047] [0:0.61126077175140381] [0.00091599335428327322:0.99735963344573975] [0.0016141228843480349:1.0638643503189087] [0.0016379874432459474:13.65602970123291] [0.0016379874432459474:9.6706581115722656] [-0.30874961614608765:0.27097904682159424] [-0.33702799677848816:0.27097904682159424] [-0.33702799677848816:0.27097904682159424] [-1.0494952201843262:0.27097904682159424] [-0.61177939176559448:0.27097904682159424] [0:1] [0:1] [8.9894759659151641e-17:1] [3.7625899672239546e-16:1] [1.2526595429343534e-12:1] [-0.17512953281402588:0.33126744627952576] [-0.28646516799926758:0.41319751739501953] [-0.47153457999229431:0.52579939365386963] [-0.77083516120910645:0.72278803586959839] [-10.968724250793457:0.84154939651489258] [1:4.4694137573242188] [1:5.0587372779846191] [1:5.3874425888061523] [1:31.677019119262695] [1:45.580677032470703] [0.16268980503082275:1] [0.16268980503082275:1] [0.16268980503082275:1] [0.10991156846284866:1] [0.083206705749034882:1] [0.33614295721054077:1.6022380590438843] [0.17562751471996307:2.6245353221893311] [0.17562751471996307:3.2125985622406006] [0.17562751471996307:29.800003051757812] [0.17562751471996307:41.438510894775391] [0.16838136315345764:1.2008141279220581] [0.16914574801921844:1.4495294094085693] [0.16914574801921844:1.7779394388198853] [0.16572867333889008:9.6258821487426758] [0.086642935872077942:33.705593109130859] [0.20000000298023224:1] [0.10000000149011612:1] [0.05000000074505806:1] [0.033333335071802139:1] [0.01666666753590107:1] [0:1] [0:1] [0:1] [0:1] [0:1] [0.20000000298023224:1] [0.10000000149011612:1] [0.05000000074505806:1] [0.033333335071802139:1] [0.01666666753590107:1] [0.20000000298023224:1] [0.10000000149011612:1] [0.05000000074505806:1] [0.033333335071802139:1] [0.01666666753590107:1] [-0.80000001192092896:0.80000001192092896] [-0.89999997615814209:0.89999997615814209] [-0.94999998807907104:0.94999998807907104] [-0.96666663885116577:0.96666663885116577] [-0.98333334922790527:0.98333334922790527] [-1:1] [-1:1] [-1:1] [-1:1] [-1:1] [-1:1] [-1:1] [-1:1] [-1:1] [-1:1] [0:1] [0:1] [0:0.94999998807907104] [0:0.89999997615814209] [0:0.83333331346511841] [0:1] [0:1] [0:1] [0:0.89999997615814209] [0:0.875] [-1:1] [-1:1] [-1:0.89999997615814209] [-0.875:0.83333331346511841] [-0.875:0.83333331346511841] [0:1] [0:1] [0:1] [0:1] [0:1] [0:1] [0:1] [0:1] [0:1] [0:1] [-1:1] [-1:1] [-1:1] [-1:1] [-1:1] [0.20529603958129883:171.45101928710938] [0.11140669882297516:367.11917114257812] [0.086602769792079926:521.58636474609375] [0.068409636616706848:733.41912841796875] [0.047933153808116913:964.97540283203125] [0.0027981149032711983:217.47605895996094] [0.0027981149032711983:592.39007568359375] [0.0066286665387451649:475.06158447265625] [0.0066286665387451649:680.7425537109375] [0.0066286665387451649:624.6881103515625] [0:2.2360680103302002] [0.015784744173288345:3.1622776985168457] [0.099257685244083405:4.1550211906433105] [0.099257685244083405:5.1227626800537109] [0.099257685244083405:7.2763214111328125] [0:1] [0:1] [0:1] [0:1] [0:1] [0:1] [0:1] [0:1] [0:1] [0:1] [-1:1] [-1:1] [-1:1] [-1:1] [-1:1]
tree_sizes=10803 8516

Tree=0
num_leaves=111
num_cat=0
split_feature=147 20 1 63 54 52 56 26 24 74 57 85 132 1 137 82 82 42 27 52 108 58 25 80 46 22 50 53 38 62 58 62 85 1 37 54 47 83 90 37 35 37 135 1 128 27 82 102 58 97 1 53 97 119 133 121 110 27 32 153 154 115 25 99 96 140 97 11 108 74 142 90 52 97 102 33 128 35 32 50 16 23 87 1 50 153 37 26 39 16 1 142 87 15 101 35 26 37 87 36 96 96 135 71 110 35 61 141 35 41
split_gain=4512.59 1862.79 1588.73 3657.62 1661.53 1503.27 1445.3 896.209 862.445 700.387 655.43 615.699 568.896 506.613 377.291 364.636 510.54 355.983 318.432 417.399 333.676 327.804 310.836 263.387 252.055 320.258 250.143 224.216 208.961 196.863 194.985 191.359 190.35 187.524 166.16 155.58 153.442 151.525 114.689 108.349 97.9194 94.3013 93.9927 92.1753 91.8682 77.3481 77.0452 75.1572 70.9156 70.355 64.7202 63.9716 63.7416 62.759 57.7388 56.9262 55.2766 54.9874 53.8159 53.1411 50.7891 50.4122 50.2478 77.4761 50.2159 48.9053 53.0572 48.667 48.5458 47.2323 42.9289 41.6362 41.1676 73.3157 53.7923 40.4174 40.1236 38.8983 36.5927 36.238 34.3265 29.3154 28.1242 25.255 24.3723 21.9312 20.8154 19.5642 19.0061 18.5487 17.9939 15.6755 15.0782 15.0452 14.3274 12.4227 11.1646 9.94068 8.07086 5.5929 4.36849 4.19305 4.24025 3.51925 3.20164 2.32643 0.111373 0.0686696 1.03855 1.05957
threshold=0.5383681356906892 0.8263305425643922 1.0000000180025095e-35 0.61250001192092907 1.3113070726394656 0.60702651739120495 1.5219851136207583 0.10831188037991525 0.035050550475716598 0.94999998807907116 1.6848053932189944 -0.57500001788139332 0.29019981622695928 0.10714285075664522 1.9298288822174074 0.64166665077209484 0.35833333432674414 0.034700669348239906 0.1708071827888489 0.86369326710701 0.77500000596046459 0.9576053023338319 0.054497597739100463 0.82500001788139354 1.0525124669075014 1.1054583787918093 0.85954827070236217 0.95348772406578075 0.012781679164618255 1.1604472994804385 0.98063912987709057 0.8282199800014497 1.0000000180025095e-35 0.08263313397765161 0.41846072673797613 1.1483443379402163 1.4795342683792116 -0.50000001490116108 0.21830751746892932 0.18885175138711932 0.27521938085556036 0.91967353224754345 0.1941342428326607 0.020477821119129661 1.2394104003906252 0.092984374612569823 0.5416666865348817 0.55743882060050975 1.0271457433700564 0.62262597680091869 0.055958025157451637 1.0413233637809756 0.56108441948890697 0.18012808263301852 0.086502484977245345 0.3939016461372376 0.52500000596046459 0.11819143965840341 -0.0077785777393728486 0.73701450228691112 0.01036436762660742 0.71330827474594127 0.034682694822549827 0.76388889551162731 0.10133549943566324 0.99389076232910167 0.46484966576099401 0.97678574919700634 0.77500000596046459 0.65000000596046459 1.7053197622299197 0.42243434488773351 0.70439565181732189 0.70772466063499462 0.38315603137016302 0.90897151827812206 1.2805947065353396 0.010665894486010076 0.0013502782676368954 0.90758228302001964 0.85724619030952465 0.032670883461833007 -0.091666668653488145 0.074177093803882613 0.80801644921302807 -0.34949873387813563 0.21730935573577884 0.13094382733106616 0.060766365379095084 1.4057841897010805 0.050632888451218612 2.5067213773727421 0.12500000372529033 0.91111108660697948 0.14835165441036227 0.37074036896228796 0.058549812063574798 0.055652923882007606 -0.69166666269302357 0.75491321086883556 -0.02473356761038303 -0.32544809579849238 0.48550829291343695 0.78647160530090343 -0.35147058963775629 0.79315510392189037 0.76302978396415722 1.1709288954734804 0.9225108027458192 0.0045690818224102267
decision_type=8 8 8 10 10 10 8 10 8 10 10 8 10 8 10 2 2 10 10 10 2 10 8 10 8 10 8 10 10 10 8 10 10 10 10 10 10 10 8 10 10 10 10 10 10 10 2 2 10 10 10 10 10 8 8 10 2 10 8 10 8 10 8 2 10 10 10 10 2 10 8 10 10 10 2 10 10 10 8 10 8 8 2 10 10 10 8 10 10 10 10 10 2 8 2 8 10 10 2 8 8 10 10 10 2 10 10 10 10 8
left_child=2 12 3 14 5 15 13 8 24 38 57 39 54 22 -1 16 30 29 21 20 -20 40 42 -12 26 -26 -7 65 52 -10 41 69 67 -19 45 -23 48 -21 59 -8 -9 -4 96 -41 87 -18 -36 -32 62 51 80 55 56 -52 -2 76 91 -6 99 77 -56 81 100 -64 82 -11 84 -14 71 85 -63 -45 73 74 -62 90 -34 -5 -71 -79 -44 -60 -13 -59 -67 -17 -84 -25 92 -89 -74 -16 -33 -85 -95 -88 97 -3 -29 106 -15 -100 -103 -69 -101 -98 -24 -66 109 -109
right_child=1 6 4 9 10 7 11 18 17 27 23 64 32 36 28 31 34 33 19 37 -22 35 58 44 25 -27 -28 98 -30 -31 47 88 49 -35 46 -37 -38 -39 -40 43 -42 -43 50 68 -46 -47 -48 -49 -50 -51 53 -53 -54 -55 60 -57 -58 83 61 -61 72 70 63 -65 107 66 -68 103 -70 78 -72 -73 75 -75 -76 -77 -78 79 -80 -81 -82 -83 86 93 -86 -87 95 89 -90 -91 -92 -93 -94 94 -96 -97 105 -99 101 104 -102 102 -104 -105 -106 -107 -108 108 -110 -111
leaf_value=-1.1241968733024022e-09 -1.1241968733024022e-09 -1.1241968733024022e-09 -0.0058170542055455193 -1.1241968733024022e-09 -1.1241968733024022e-09 -0.00087578267643110533 -1.1241968733024022e-09 0.0024696984476984358 -2.1879283112158823e-05 -1.1241968733024022e-09 -1.1241968733024022e-09 -1.1241968733024022e-09 -1.1241968733024022e-09 -1.1241968733024022e-09 -0.057644085321723118 0.0062569003390374467 -1.1241968733024022e-09 -0.0017633056355912278 0.010248993498884638 0.004381149128707117 -0.00047747813444032507 0.0039685206916554479 -1.1241968733024022e-09 -1.1241968733024022e-09 0.00028306256140743535 0.0019759900746264105 0.0017821964917850302 -1.1241968733024022e-09 -1.1241968733024022e-09 -0.0044793980901659059 8.4614724279451396e-05 0.01337156654491823 -0.011082116613184333 -0.0059820295958738856 -0.0071883769070272161 -1.1241968733024022e-09 -1.1241968733024022e-09 -0.0034908298278256483 -1.1241968733024022e-09 -1.1241968733024022e-09 -0.0034361582231847948 0.0014143820580041768 0.00095007310312517307 0.030148534542755255 -1.1241968733024022e-09 -0.016277049302605699 -1.1241968733024022e-09 -0.0031151117944145357 -1.1241968733024022e-09 -1.1241968733024022e-09 -1.1241968733024022e-09 -1.1241968733024022e-09 -1.1241968733024022e-09 -0.0042714869639164507 -1.1241968733024022e-09 -1.1241968733024022e-09 -1.1241968733024022e-09 -1.1241968733024022e-09 -0.0032971488765035435 -1.1241968733024022e-09 -1.1241968733024022e-09 -1.1241968733024022e-09 -0.011982267486715896 -0.00011853580458473685 -1.1241968733024022e-09 -0.015236347611510886 -1.1241968733024022e-09 -1.1241968733024022e-09 -1.1241968733024022e-09 -1.1241968733024022e-09 -0.0036990683601850634 -1.1241968733024022e-09 -1.1241968733024022e-09 -1.1241968733024022e-09 -0.020466163031958792 -1.1241968733024022e-09 -1.1241968733024022e-09 0.038071047043414977 -0.008209344295864153 -1.1241968733024022e-09 -0.0015620732452722697 -0.0071862022647433089 -1.1241968733024022e-09 -1.1241968733024022e-09 -1.1241968733024022e-09 -1.1241968733024022e-09 -1.1241968733024022e-09 -1.1241968733024022e-09 -1.1241968733024022e-09 0.035248770612242866 -0.010575812759964812 -1.1241968733024022e-09 -1.1241968733024022e-09 -1.1241968733024022e-09 0.010987765219685218 -0.01419112057339378 -0.0016306542026506845 0.0015374286173829221 -1.1241968733024022e-09 -1.1241968733024022e-09 -0.0026715185285123254 -1.1241968733024022e-09 0.01111985209291573 0.014884567729340567 -0.0029535054373193556 -1.1241968733024022e-09 0.00094180741464065831 -1.1241968733024022e-09 -1.1241968733024022e-09 0.0022583912509891598
leaf_weight=471 217 2941 41899 21 1302 65351 105 4400 474690 349 182 118 187 84 2508 876 791 209909 32068 8134 4246 87465 94 41 1507997 231582 583854 42 79 17840 25462 2422 11264 22721 8063 16732 2460 7732 292 24 19659 1210 8110 3047 215 9611 2328 18705 1716 1561 7900 1484 44 36633 179 1596 36 1677 16088 53 145 3998 23648 2590 111 1734 148 20 37 1069 8868 33 98 357 18918 1362 749 675 1354 41 35866 42496 63 116 216 586 27 32 145 3229 1767 31 74 31 2925 441 1757 16330 23 560 4201 20 569 165 959 231 2070 64 42 172
leaf_count=471 217 2941 41899 21 1302 65351 105 4400 474690 349 182 118 187 84 2508 876 791 209909 32068 8134 4246 87465 94 41 1507997 231582 583854 42 79 17840 25462 2422 11264 22721 8063 16732 2460 7732 292 24 19659 1210 8110 3047 215 9611 2328 18705 1716 1561 7900 1484 44 36633 179 1596 36 1677 16088 53 145 3998 23648 2590 111 1734 148 20 37 1069 8868 33 98 357 18918 1362 749 675 1354 41 35866 42496 63 116 216 586 27 32 145 3229 1767 31 74 31 2925 441 1757 16330 23 560 4201 20 569 165 959 231 2070 64 42 172
internal_value=-1.1242e-09 -0.00529794 0.000408993 -0.0183836 0.000455056 0.000401297 -0.00372763 0.000568816 0.000398188 0.00610308 0.0173334 0.0186884 -0.0136802 -0.00425242 -0.0489528 -0.00431792 -0.00494454 -0.000867313 0.00345493 0.00630801 0.00877232 0.00220375 -0.00328239 0.0307105 0.000786096 0.000513995 0.00150076 -0.00280822 -0.0542636 -0.000205985 -0.00334395 0.00439616 -0.00665597 -0.00222636 -0.0109841 0.00325613 -0.00903676 3.05503e-05 0.0289088 0.0269636 -0.00197185 -0.00539976 -0.00172156 0.0282691 0.0331502 -0.0152767 -0.00531631 -0.00109981 -0.00980155 -0.0077853 -0.00234279 -0.0086373 -0.055973 -0.00354753 -0.0182124 -0.00950765 -0.0566785 0.00587616 -0.00541766 0.0340879 -0.0184157 -0.00567238 -0.010267 -0.011162 -0.00223005 -0.0101751 -0.012222 0.00873882 0.0291291 -1.1242e-09 -0.00198911 0.0296746 -0.0185911 -0.019927 -0.0202711 -0.00646354 -0.0104815 0.0357796 -0.0046712 0.0367976 -0.000898082 -0.00630745 -0.00888299 0.00782619 -0.0139738 0.00298209 -0.0114939 0.0346658 0.0121612 0.0349796 -0.00971225 -0.0572793 0.0128769 0.0100807 0.0106063 -0.0132369 0.00046184 0.00106113 0.00956317 -1.1242e-09 -0.00232865 0.0103279 0.0107291 0.0144091 -0.00192217 -0.000902696 0.000885841 -1.1242e-09 0.00037642 0.00154986
internal_weight=3.69003e+06 263953 3.42608e+06 7352 3.41872e+06 3.40898e+06 223884 3.29438e+06 3.11394e+06 4183 9750 4284 40069 219600 3169 114595 108069 725160 180436 52180 36314 128256 184901 3699 2.38878e+06 1.73958e+06 649205 3101 2698 492530 87276 6526 17026 232630 20793 104197 34699 15866 1082 3246 24059 43109 109768 3141 3517 10402 10391 44167 32239 16654 88509 15093 2619 44533 23043 13609 2575 6051 75133 790 22826 71450 30523 26238 1038 2447 2098 372 3117 3885 12866 3080 22647 19420 19063 3227 12013 737 2423 716 43976 58584 649 4749 1950 1462 531 3302 2641 3261 1865 2539 2496 3072 2956 468 21259 19271 654 3683 4285 612 589 185 1519 1988 2164 389 278 236
internal_count=3690030 263953 3426077 7352 3418725 3408975 223884 3294380 3113944 4183 9750 4284 40069 219600 3169 114595 108069 725160 180436 52180 36314 128256 184901 3699 2388784 1739579 649205 3101 2698 492530 87276 6526 17026 232630 20793 104197 34699 15866 1082 3246 24059 43109 109768 3141 3517 10402 10391 44167 32239 16654 88509 15093 2619 44533 23043 13609 2575 6051 75133 790 22826 71450 30523 26238 1038 2447 2098 372 3117 3885 12866 3080 22647 19420 19063 3227 12013 737 2423 716 43976 58584 649 4749 1950 1462 531 3302 2641 3261 1865 2539 2496 3072 2956 468 21259 19271 654 3683 4285 612 589 185 1519 1988 2164 389 278 236
is_linear=0
shrinkage=1


Tree=1
num_leaves=102
num_cat=0
split_feature=21 1 21 18 1 1 80 57 50 29 54 132 53 52 26 46 157 46 82 91 113 58 25 152 67 137 82 23 27 52 127 52 87 29 22 36 82 1 114 107 88 120 82 16 37 64 75 86 38 52 97 72 97 85 134 75 94 97 38 37 97 132 141 50 52 142 88 133 61 15 109 152 97 53 106 70 38 58 122 27 101 99 15 88 37 17 32 136 146 16 9 136 4 71 15 70 143 109 17 37 86
split_gain=4297.52 3219.96 2895.14 2548.24 2039.76 1109.8 886.081 708.214 678.253 601.021 577.558 661.697 480.401 441.71 442.751 386.683 370.841 360.14 299.633 289.502 282.264 273.808 259.615 253.037 252.882 250.805 246.413 225.746 225.076 217.263 272.473 193.282 191.144 186.133 155.113 182.482 145.779 136.426 133.69 129.86 131.784 116.302 102.138 101.964 84.0576 82.7216 80.6916 80.4045 77.1472 73.4203 70.9281 69.8746 68.824 66.9356 66.1932 63.4079 62.8361 61.3131 61.2697 60.2724 53.9611 46.8234 44.0466 44.003 43.3665 40.6788 40.4213 39.999 39.6846 38.389 37.15 33.3643 29.55 29.3871 27.7212 27.3494 26.7 26.2223 24.4834 23.6279 22.0443 20.8651 19.8241 19.7961 16.8981 14.3609 14.1126 13.7265 10.9661 9.48886 9.39939 7.06491 7.29406 7.7129 6.77582 4.10337 2.13137 1.62792 0.6345 1.89696 0.075519
threshold=0.8929172456264497 1.0000000180025095e-35 1.3548240661621096 1.0091150403022768 0.11143483221530916 0.057285711169242866 0.82500001788139354 1.6848053932189944 0.70478758215904247 0.0032337519805878405 0.85040393471717846 3.6041321754455571 1.037421762943268 0.64645811915397655 0.094870563596487059 1.4634438157081606 0.12056137993931772 1.0525124669075014 0.35833333432674414 -0.25154897570610041 0.88433444499969494 0.95290347933769237 0.085846722126007094 0.39254809916019445 0.98290473222732555 1.8484315872192385 0.92500001192092907 0.051074787974357612 0.14865575730800631 0.55385282635688793 0.42391954362392431 0.62227344512939464 0.39166666567325598 0.028419117443263534 1.0343220233917239 0.674858719110489 0.50833332538604747 0.11143483221530916 0.60869506001472484 0.4803846031427384 0.69832539558410656 0.25993470847606664 0.20833333581686023 0.75456610321998607 0.82181873917579662 0.65833333134651195 0.92499998211860668 -0.3833333402872085 0.012781679164618255 0.65176230669021618 0.56681749224662792 0.81168994307518016 0.70772466063499462 0.47499999403953558 0.6555825173854829 0.52500000596046459 -0.38978046178817743 0.12544601410627368 0.03203337453305722 0.82181873917579662 0.70772466063499462 0.488206297159195 0.99973943829536449 0.8543507754802705 0.70439565181732189 2.0244833230972294 -0.53584095835685719 0.39432051777839666 0.94550353288650524 0.94282764196395885 -0.21111111342906949 0.44901323318481451 0.10883866995573045 0.96180197596549999 0.083333335816860213 0.23858594894409182 -0.0064398432150483123 1.04940402507782 0.56165492534637462 0.13081761449575427 0.49137930572032934 0.94999998807907116 0.92270877957344066 0.60335436463356029 0.023871970362961296 0.90765467286109935 -0.0025802218588069077 0.23640757054090503 0.56357473134994518 0.82131227850914013 1.0826525092124941 0.75289860367774974 0.60837802290916454 0.76981726288795482 0.59309038519859325 0.42263031005859381 0.89308631420135509 0.47222222387790685 0.62899670004844677 0.080844283103942885 -0.84999999403953541
decision_type=8 8 10 10 8 10 10 10 8 8 10 10 10 8 10 8 8 10 2 10 8 10 10 10 10 10 2 10 10 10 10 10 2 10 10 10 2 10 10 2 10 10 2 10 10 10 10 10 10 10 10 10 10 10 10 10 10 10 10 10 10 10 10 10 10 10 10 10 10 10 2 10 10 10 2 10 8 10 10 10 2 2 10 10 10 10 10 10 10 8 10 10 10 10 10 10 10 2 10 10 10
left_child=4 3 5 54 10 8 55 67 34 15 46 16 23 18 17 19 29 -15 57 26 59 -16 37 44 -13 100 -7 -9 78 30 42 -21 48 41 98 65 -20 49 68 -29 -41 -31 -12 -30 66 -25 -1 -40 50 -11 53 -39 69 -27 -2 75 -48 -10 74 63 62 -35 -58 -18 80 -36 -6 79 -24 70 -47 90 -32 -64 -26 77 -56 86 -17 -8 -22 82 -68 -81 -78 -76 -4 -73 89 -86 94 92 93 -89 -14 -96 -97 -66 -3 -100 -5
right_child=1 2 6 25 12 9 7 27 13 22 11 24 71 14 21 28 20 -19 36 31 64 -23 38 45 58 32 -28 39 43 33 72 -33 -34 61 35 -37 -38 51 47 40 -42 -43 -44 -45 -46 52 56 -49 -50 -51 -52 -53 -54 -55 76 -57 60 -59 -60 -61 -62 -63 73 -65 97 -67 81 -69 -70 -71 -72 87 -74 -75 85 -77 84 -79 -80 83 -82 -83 -84 -85 88 -87 -88 91 -90 -91 -92 -93 -94 -95 95 96 -98 -99 99 -101 -102
leaf_value=0 0 0 -0.015293334821079224 0 0 0 0 0 0.0017360897888761013 -0.0076489626548263941 -0.0035118001690338956 0 0 0.0013889391192752143 -0.001419694367627824 0.00081406128687744913 -0.010451698213091559 0.00027140149152609353 -0.011223231816158644 -0.0046726770671471386 0 0.0034019202714280056 -0.0048942535113891232 0 0 -0.062394900689008631 -0.0082842094226680211 0 0 2.3520607034130507e-06 0 0 0 0 0.015564948671034076 0 0 -0.011322761962688456 0.0060883919895852187 0.034527861489416008 0 -0.0025950264193874656 -0.010173217934705667 0.0086179741099428556 0 0 0 0 0 -0.00346976548911049 0 0 0 0 0 0 0 -0.0017243330576089118 0 0 0 0.0061276310603897944 -0.018966562969391962 0 -6.777334433759746e-05 0 -0.022694268580718133 0 0 0 -0.012508425247737726 0 0.0049998564161136544 0 0.036440077546397644 0 0 0 -0.0029643920209965519 0.010845152197247366 -0.0048811361279925162 0 0 0 0 0 0 0.0079304069018281582 0 0.016829076621310623 0 0 0 0 0 -0.0057369690586617627 0 0.00085425812506880752 0 0.0012110985273019279 -0.0003873767450677539
leaf_weight=131 395 401 767 89 68 8357 902 541 8060 13114 15386 344 252 694063 21105 4538 22869 2051291 8981 16908 560 152487 6501 624 26 2270 16152 71 1518 33173 419 182056 234 4654 7882 1084 4301 8569 6981 6679 113 109848 12971 13926 176 205 139 4371 53 96185 34 1337 1256 41 31 384 269 52862 70 973 55 5337 5426 323 5434 560 9360 755 2061 490 31100 93 3412 102 560 97 81 62 3977 3423 6179 97 55 195 34 23 50 1254 21 717 893 30 128 119 20 844 20 3335 472 2478 311
leaf_count=131 395 401 767 89 68 8357 902 541 8060 13114 15386 344 252 694063 21105 4538 22869 2051291 8981 16908 560 152487 6501 624 26 2270 16152 71 1518 33173 419 182056 234 4654 7882 1084 4301 8569 6981 6679 113 109848 12971 13926 176 205 139 4371 53 96185 34 1337 1256 41 31 384 269 52862 70 973 55 5337 5426 323 5434 560 9360 755 2061 490 31100 93 3412 102 560 97 81 62 3977 3423 6179 97 55 195 34 23 50 1254 21 717 893 30 128 119 20 844 20 3335 472 2478 311
internal_value=0 0.000410093 0.000461536 -0.0336978 -0.00501826 0.000378305 0.019168 0.0227438 0.000653526 -0.00173735 -0.00332853 -0.00291161 -0.0130211 0.000607925 0.000691995 -0.000450061 -0.00313022 0.000557318 -0.00256299 -0.00103015 -0.00690927 0.00276322 -0.0039535 -0.0142467 0.023472 -0.0524381 -0.00532562 0.0312369 0.00450404 -0.00225499 -0.00547689 -0.000443661 -0.056837 -0.00150269 0.0101257 0.0127955 -0.00826095 -0.00469774 8.58428e-05 0.0331724 0.0337968 -0.0019347 -0.00700118 0.00748041 -0.0216097 -0.0115304 -0.0158348 0.00339823 -0.0599827 -0.0040878 -0.0609083 -0.0100025 -0.0118227 -0.061619 0.00857484 -0.00653626 -0.0166583 -0.00111364 0.0325128 -0.00980042 -0.0173438 0.00362884 -0.0178437 -0.0102212 -0.00167473 0.0148068 -0.0221299 0.00742769 -0.00329561 -0.0122052 -0.0123851 0 0.00327925 -0.0185795 0.0347926 -0.0112 0.0131696 -0.012922 -7.52534e-05 0.00878832 -0.00408229 -0.0223635 -0.022554 0.0101882 0.0144979 0.0357739 -0.0144093 0.00485412 0.0156496 0.0162284 -0.00165865 0.00600996 0.00653104 0.00721561 -0.00372624 -0.00494682 -0.00546287 0 0 0.000564352 0
internal_weight=3.69003e+06 3.41093e+06 3.40662e+06 4311 279102 3.39258e+06 14039 12679 3.00603e+06 386551 232018 225896 47084 2.99315e+06 2.91895e+06 247432 224873 2.74535e+06 74204 223473 39673 173592 139119 43431 1023 3032 24509 7404 23959 185200 32188 198964 2632 153012 12877 9526 13282 119205 19914 6863 6792 143021 28357 15444 9756 33675 6122 11352 2398 109299 2345 9906 33051 2311 1279 1360 5991 60922 679 24165 5852 9991 5797 23192 15508 8442 9580 5275 8562 31795 31305 3653 3831 5528 609 976 884 879 8515 4520 6739 9512 9415 3618 853 583 817 1624 772 751 2029 1531 1501 1373 1136 884 864 8769 3351 2950 400
internal_count=3690030 3410928 3406617 4311 279102 3392578 14039 12679 3006027 386551 232018 225896 47084 2993150 2918946 247432 224873 2745354 74204 223473 39673 173592 139119 43431 1023 3032 24509 7404 23959 185200 32188 198964 2632 153012 12877 9526 13282 119205 19914 6863 6792 143021 28357 15444 9756 33675 6122 11352 2398 109299 2345 9906 33051 2311 1279 1360 5991 60922 679 24165 5852 9991 5797 23192 15508 8442 9580 5275 8562 31795 31305 3653 3831 5528 609 976 884 879 8515 4520 6739 9512 9415 3618 853 583 817 1624 772 751 2029 1531 1501 1373 1136 884 864 8769 3351 2950 400
is_linear=0
shrinkage=0.0421


end of trees

feature_importances:
Column_1=11
Column_37=9
Column_97=9
Column_52=8
Column_82=7
Column_27=5
Column_35=5
Column_50=5
Column_58=5
Column_15=4
Column_16=4
Column_26=4
Column_38=4
Column_53=4
Column_87=4
Column_25=3
Column_32=3
Column_46=3
Column_54=3
Column_85=3
Column_88=3
Column_96=3
Column_132=3
Column_142=3
Column_17=2
Column_21=2
Column_22=2
Column_23=2
Column_29=2
Column_36=2
Column_57=2
Column_61=2
Column_62=2
Column_70=2
Column_71=2
Column_74=2
Column_75=2
Column_80=2
Column_86=2
Column_90=2
Column_99=2
Column_101=2
Column_102=2
Column_108=2
Column_109=2
Column_110=2
Column_128=2
Column_133=2
Column_135=2
Column_136=2
Column_137=2
Column_141=2
Column_152=2
Column_153=2
Column_4=1
Column_9=1
Column_11=1
Column_18=1
Column_20=1
Column_24=1
Column_33=1
Column_39=1
Column_41=1
Column_42=1
Column_47=1
Column_56=1
Column_63=1
Column_64=1
Column_67=1
Column_72=1
Column_83=1
Column_91=1
Column_94=1
Column_106=1
Column_107=1
Column_113=1
Column_114=1
Column_115=1
Column_119=1
Column_120=1
Column_121=1
Column_122=1
Column_127=1
Column_134=1
Column_140=1
Column_143=1
Column_146=1
Column_147=1
Column_154=1
Column_157=1

parameters:
[boosting: gbdt]
[objective: regression]
[metric: l2]
[tree_learner: serial]
[device_type: cpu]
[data_sample_strategy: bagging]
[data: ]
[valid: ]
[num_iterations: 2000]
[learning_rate: 0.0421]
[num_leaves: 210]
[num_threads: 8]
[seed: 0]
[deterministic: 0]
[force_col_wise: 0]
[force_row_wise: 0]
[histogram_pool_size: -1]
[max_depth: 8]
[min_data_in_leaf: 20]
[min_sum_hessian_in_leaf: 0.001]
[bagging_fraction: 0.8789]
[pos_bagging_fraction: 1]
[neg_bagging_fraction: 1]
[bagging_freq: 0]
[bagging_seed: 3]
[bagging_by_query: 0]
[feature_fraction: 0.8879]
[feature_fraction_bynode: 1]
[feature_fraction_seed: 2]
[extra_trees: 0]
[extra_seed: 6]
[early_stopping_round: 0]
[early_stopping_min_delta: 0]
[first_metric_only: 0]
[max_delta_step: 0]
[lambda_l1: 205.7]
[lambda_l2: 580.977]
[linear_lambda: 0]
[min_gain_to_split: 0]
[drop_rate: 0.1]
[max_drop: 50]
[skip_drop: 0.5]
[xgboost_dart_mode: 0]
[uniform_drop: 0]
[drop_seed: 4]
[top_rate: 0.2]
[other_rate: 0.1]
[min_data_per_group: 100]
[max_cat_threshold: 32]
[cat_l2: 10]
[cat_smooth: 10]
[max_cat_to_onehot: 4]
[top_k: 20]
[monotone_constraints: ]
[monotone_constraints_method: basic]
[monotone_penalty: 0]
[feature_contri: ]
[forcedsplits_filename: ]
[refit_decay_rate: 0.9]
[cegb_tradeoff: 1]
[cegb_penalty_split: 0]
[cegb_penalty_feature_lazy: ]
[cegb_penalty_feature_coupled: ]
[path_smooth: 0]
[interaction_constraints: ]
[verbosity: -1]
[saved_feature_importance_type: 0]
[use_quantized_grad: 0]
[num_grad_quant_bins: 4]
[quant_train_renew_leaf: 0]
[stochastic_rounding: 1]
[linear_tree: 0]
[max_bin: 255]
[max_bin_by_feature: ]
[min_data_in_bin: 3]
[bin_construct_sample_cnt: 200000]
[data_random_seed: 1]
[is_enable_sparse: 1]
[enable_bundle: 1]
[use_missing: 1]
[zero_as_missing: 0]
[feature_pre_filter: 1]
[pre_partition: 0]
[two_round: 0]
[header: 0]
[label_column: ]
[weight_column: ]
[group_column: ]
[ignore_column: ]
[categorical_feature: ]
[forcedbins_filename: ]
[precise_float_parser: 0]
[parser_config_file: ]
[objective_seed: 5]
[num_class: 1]
[is_unbalance: 0]
[scale_pos_weight: 1]
[sigmoid: 1]
[boost_from_average: 1]
[reg_sqrt: 0]
[alpha: 0.9]
[fair_c: 1]
[poisson_max_delta_step: 0.7]
[tweedie_variance_power: 1.5]
[lambdarank_truncation_level: 30]
[lambdarank_norm: 1]
[label_gain: ]
[lambdarank_position_bias_regularization: 0]
[eval_at: ]
[multi_error_top_k: 1]
[auc_mu_weights: ]
[num_machines: 1]
[local_listen_port: 12400]
[time_out: 120]
[machine_list_filename: ]
[machines: ]
[gpu_platform_id: -1]
[gpu_device_id: -1]
[gpu_use_dp: 0]
[num_gpu: 1]

end of parameters

pandas_categorical:null
